0.002337,0.000268,0.000257,0.000250,0.000247,0.000225,0.000392,0.000630,0.000392,0.000441
0.024326,0.000090,0.000107,0.000134,0.000141,0.000147,0.000136,0.000105,0.000129,0.000115
0.028483,0.000074,0.000074,0.000068,0.000072,0.000067,0.000068,0.000071,0.000112,0.000077
0.024290,0.000058,0.000066,0.000045,0.000045,0.000052,0.000059,0.000055,0.000065,0.000048
0.029175,0.000043,0.000049,0.000072,0.000063,0.000056,0.000071,0.000062,0.000069,0.000086
0.035558,0.000262,0.000198,0.000310,0.000370,0.000319,0.000627,0.000251,0.000301,0.000290
0.025419,0.000257,0.000263,0.000216,0.000247,0.000244,0.000272,0.000290,0.000312,0.000193
0.025452,0.000257,0.000334,0.000251,0.000283,0.000285,0.000289,0.000290,0.000279,0.000243
0.039646,0.000357,0.000298,0.000397,0.000462,0.000447,0.000354,0.000485,0.000426,0.000336
0.045824,0.000441,0.000422,0.000414,0.000398,0.000448,0.000416,0.000452,0.000463,0.000379
0.038975,0.000561,0.000516,0.000618,0.000518,0.000519,0.000631,0.000729,0.000551,0.000471
0.041603,0.000729,0.000567,0.000621,0.000656,0.000704,0.000785,0.000682,0.000565,0.000655
0.047883,0.000416,0.000769,0.000799,0.000861,0.000648,0.000833,0.000718,0.001011,0.000866
0.036555,0.000810,0.000844,0.000873,0.000933,0.000942,0.000862,0.000982,0.001001,0.001066
0.037931,0.001003,0.001171,0.001220,0.001252,0.000978,0.000950,0.000972,0.000879,0.001058
0.027321,0.001007,0.001236,0.001056,0.001116,0.001188,0.001340,0.001239,0.001035,0.001076
0.037175,0.001053,0.001458,0.001227,0.001294,0.001144,0.001145,0.001611,0.001442,0.001261
0.043896,0.001396,0.001696,0.001076,0.001159,0.001211,0.001133,0.001212,0.001547,0.001354
0.039828,0.001277,0.001336,0.001326,0.001727,0.001615,0.001760,0.001321,0.001437,0.001422
0.040445,0.001567,0.001667,0.002083,0.001575,0.001556,0.001607,0.001521,0.001553,0.001235
0.035641,0.001748,0.002098,0.001834,0.001561,0.001600,0.001485,0.001683,0.001780,0.001650
0.028743,0.001766,0.002124,0.001963,0.001847,0.001673,0.001759,0.002062,0.002748,0.001578
0.026538,0.001845,0.002313,0.001992,0.001934,0.001827,0.002443,0.001706,0.002117,0.002199
0.038772,0.001850,0.001941,0.002111,0.002490,0.002235,0.002054,0.001821,0.002120,0.001829
0.048797,0.002230,0.002810,0.002359,0.002933,0.002125,0.002163,0.002823,0.002727,0.001974
0.035679,0.002458,0.002046,0.002829,0.002299,0.002848,0.002389,0.002412,0.002366,0.002778
0.045812,0.002380,0.002853,0.002391,0.002491,0.002396,0.002247,0.002583,0.002986,0.002350
0.041660,0.002501,0.002288,0.002767,0.002246,0.002908,0.003067,0.002582,0.002439,0.002935
0.041500,0.002421,0.003021,0.002621,0.002564,0.003747,0.002838,0.003151,0.003038,0.002849
0.037810,0.002608,0.002778,0.003902,0.003439,0.003371,0.002827,0.002955,0.002700,0.003152
0.045976,0.003484,0.003083,0.003130,0.002644,0.003539,0.003163,0.003209,0.003567,0.002723
0.041092,0.003191,0.002974,0.002884,0.004052,0.003412,0.003099,0.003258,0.003052,0.002942
0.027616,0.003495,0.003782,0.003535,0.003179,0.002927,0.003191,0.003569,0.003568,0.003766
0.034894,0.003371,0.003119,0.003434,0.003351,0.004181,0.003616,0.003457,0.003223,0.004221
0.045513,0.003182,0.003937,0.003393,0.003305,0.003107,0.003389,0.002502,0.002441,0.002431
0.051990,0.002464,0.002516,0.002768,0.002503,0.002408,0.002591,0.002553,0.002521,0.002857
0.046139,0.002637,0.002589,0.003919,0.004562,0.005660,0.003483,0.003661,0.003645,0.003999
0.041810,0.004079,0.004034,0.003777,0.004026,0.004242,0.005843,0.004619,0.004670,0.004008
0.050443,0.004165,0.004465,0.003996,0.004440,0.004283,0.004925,0.003944,0.003936,0.004077
0.042691,0.004203,0.004218,0.004192,0.004861,0.005567,0.004470,0.004044,0.004471,0.004033
0.046115,0.003767,0.004763,0.004705,0.004096,0.004985,0.004823,0.006791,0.004964,0.004766
0.041932,0.004711,0.004258,0.004012,0.004484,0.005315,0.004590,0.004304,0.005096,0.004172
0.031641,0.005030,0.004520,0.005102,0.005320,0.004946,0.004645,0.004370,0.004861,0.005017
0.056271,0.004574,0.004689,0.004445,0.005083,0.004222,0.004724,0.004160,0.005783,0.004541
0.053061,0.004454,0.004602,0.004440,0.005889,0.004805,0.004591,0.005237,0.004773,0.005331
0.056073,0.005017,0.003847,0.004862,0.005049,0.004978,0.003999,0.004961,0.004803,0.005151
0.045443,0.005260,0.005233,0.004865,0.004812,0.004990,0.005637,0.004865,0.004917,0.005226
0.050672,0.005170,0.005112,0.005465,0.005800,0.005146,0.005234,0.006045,0.005087,0.006757
0.042576,0.005563,0.005143,0.005256,0.004898,0.006262,0.005390,0.004887,0.005854,0.005965
0.040826,0.005086,0.005372,0.005222,0.005212,0.005808,0.006351,0.005334,0.005741,0.005485
0.042525,0.006384,0.006749,0.006340,0.006864,0.006806,0.006829,0.007088,0.006421,0.007144
0.044298,0.007101,0.007470,0.007996,0.008082,0.006504,0.006754,0.007383,0.006861,0.007375
0.049580,0.007312,0.007335,0.007103,0.008124,0.007038,0.006666,0.007703,0.007453,0.007779
0.044238,0.007488,0.007154,0.007064,0.007126,0.007675,0.006812,0.007370,0.008361,0.007133
0.040575,0.007656,0.007200,0.008365,0.008245,0.007088,0.007243,0.007572,0.007344,0.007166
0.041429,0.007244,0.007742,0.007658,0.007281,0.006959,0.007821,0.007366,0.007096,0.007314
0.035313,0.007694,0.008089,0.007595,0.007504,0.007996,0.007966,0.006774,0.007451,0.007957
0.043690,0.007500,0.007754,0.007649,0.008439,0.007067,0.007591,0.008404,0.008238,0.009500
0.044692,0.008213,0.008236,0.007492,0.007666,0.007576,0.007529,0.007988,0.008280,0.008007
0.043265,0.008047,0.008390,0.007473,0.009173,0.007269,0.006913,0.007421,0.008094,0.007930
0.046367,0.007518,0.007877,0.008054,0.008192,0.007626,0.009141,0.007741,0.007994,0.009210
0.043118,0.008693,0.008137,0.008391,0.007838,0.008343,0.008637,0.007962,0.008359,0.008343
0.046278,0.008048,0.008321,0.009446,0.009125,0.007328,0.008189,0.008037,0.008425,0.008386
0.047909,0.008285,0.008732,0.008487,0.008118,0.008205,0.008221,0.009039,0.007875,0.008752
0.049362,0.008412,0.008941,0.008679,0.009108,0.010478,0.008505,0.008554,0.008618,0.008658
0.060745,0.008712,0.008430,0.009865,0.009733,0.008537,0.008918,0.009058,0.009014,0.009246
0.054176,0.008362,0.008489,0.010531,0.009844,0.009040,0.008849,0.009662,0.009196,0.009110
0.044922,0.008691,0.008941,0.009184,0.009008,0.008931,0.009307,0.009187,0.008292,0.009753
0.065001,0.008941,0.008574,0.009106,0.010119,0.009143,0.008935,0.008878,0.009486,0.008948
0.044045,0.009129,0.009337,0.008085,0.009300,0.009535,0.008856,0.009128,0.008983,0.009387
0.044931,0.009200,0.009346,0.009335,0.008951,0.010877,0.009134,0.008511,0.009236,0.008785
0.051792,0.009356,0.009650,0.009396,0.009333,0.008914,0.009403,0.010154,0.009200,0.009002
0.046552,0.009708,0.009918,0.010080,0.009773,0.013175,0.009617,0.008590,0.010124,0.009606
0.061274,0.011555,0.009186,0.010275,0.009236,0.009448,0.009475,0.010071,0.009783,0.008991
0.047354,0.009102,0.009373,0.009686,0.009559,0.009610,0.009646,0.010297,0.009636,0.009769
0.067427,0.009917,0.010533,0.009854,0.009379,0.010582,0.008003,0.010089,0.009156,0.011374
0.048732,0.009610,0.009670,0.011420,0.009749,0.011456,0.009702,0.009451,0.010557,0.009693
0.062502,0.009703,0.009983,0.010899,0.009920,0.009859,0.010613,0.009724,0.009940,0.009887
0.066193,0.010514,0.011650,0.011990,0.010300,0.010725,0.011365,0.011155,0.011408,0.010307
0.043283,0.011036,0.010734,0.010382,0.010231,0.010239,0.010437,0.009908,0.010679,0.009753
0.045766,0.010173,0.010760,0.010674,0.010587,0.010292,0.010333,0.010275,0.010545,0.012214
0.050137,0.010285,0.010279,0.009765,0.011684,0.010981,0.011489,0.010771,0.010466,0.010606
0.051997,0.010581,0.010874,0.010859,0.011132,0.010782,0.010822,0.010673,0.010830,0.011016
0.045131,0.010494,0.013021,0.010341,0.010476,0.010569,0.010448,0.011039,0.010103,0.010610
0.047575,0.010845,0.010931,0.011015,0.011725,0.010358,0.010822,0.011763,0.009828,0.011600
0.049040,0.010753,0.012144,0.010717,0.011919,0.011713,0.011564,0.011361,0.011938,0.011205
0.048028,0.010868,0.011201,0.010798,0.011397,0.011457,0.011168,0.011095,0.010994,0.010852
0.048273,0.011299,0.011214,0.011178,0.011365,0.011077,0.011453,0.011581,0.011405,0.011325
0.039670,0.011176,0.010335,0.011798,0.011252,0.010865,0.011199,0.011399,0.011135,0.011081
0.066814,0.011240,0.010506,0.011458,0.011208,0.012220,0.011330,0.012166,0.011128,0.012418
0.050670,0.011319,0.014222,0.011308,0.011598,0.011663,0.011837,0.009851,0.009301,0.011720
0.046223,0.011784,0.012162,0.011435,0.012180,0.012298,0.011666,0.010989,0.011946,0.011736
0.075690,0.011614,0.011380,0.011657,0.011943,0.011933,0.012537,0.012027,0.012433,0.012360
0.049510,0.012355,0.012259,0.011772,0.011949,0.012089,0.012033,0.011897,0.012429,0.011522
0.048397,0.011976,0.012105,0.012071,0.012776,0.012177,0.012389,0.011855,0.011903,0.011980
